1957153859375415792
1957154280202469649
1957160022191812643
1957168459235643508
1957090699024724179
1957147275664449846
1957148140840071673
1957195269793063417
1957487156919709753
1957504147751575572
1957542902479131044
1957545862944473214
1957672898392457592
1957823704513073266
1957823646874873881
1957825686581735638
1957857595630227650
1957436915038200020
1957465009992368521
1957915789660749907
1958025330372825431
1957995203404423520
1957915789660749907
1957825686581735638
1957823646874873881
